aas,Hydropathy,Charge,pKa NH2,pKa COOH,Solubility in g per 100 mL H2O at 25C,Composition in the UniProtKB Swiss-Prot data bank,Molecular weight (Da),pKa minimum,pKa maximum,pI,logP,Molecular Polarizability,Polar Surface Area,Solvent Accessible Surface Area,Percentage Of Polar Surface Area,Huckel Analysis pi Energy,Molecular Refractivity,Lipinskis Rule Of Five,Bioavailability,Ghose Filter,Lead Likeness,Muegge Filter,Veber Filter
A,hydrophobic,Neutral,9.87,2.35,15.8,8.25,89.1,2.47,9.48,5.98,-2.84,8.36,63.32,142.03,44.5821305358,10.44,20.497,1,1,0,1,0,1
C,moderate,Neutral,10.78,1.71,100,1.37,121.2,2.35,10.17,5.68,-2.79,11.42,63.32,159.86,39.6096584511,12.66,28.224,1,1,0,1,0,1
D,hydrophilic,Negative,9.6,1.88,0.42,5.45,133.1,1.7,9.61,3.41,-3.5,10.9,100.62,177.66,56.6362715299,18.14,26.533,1,1,0,0,0,1
E,hydrophilic,Negative,9.67,2.19,0.72,6.75,147.1,1.88,9.54,2.79,-3.24,12.42,107.9,209.3,51.5527950311,12.12,64.255,1,1,0,0,0,1
F,hydrophobic,Neutral,9.24,2.58,2.7,3.86,165.2,2.47,9.45,5.96,-1.18,17.89,63.62,246.54,25.8051431816,18.44,45.116,1,1,0,1,0,1
G,hydrophobic,Neutral,9.6,2.34,22.5,7.07,75.1,2.31,9.24,5.77,-3.41,6.55,63.32,113.64,55.7198169659,10.44,16.003,1,1,0,1,0,1
H,moderate,Positive,8.97,1.78,4.19,2.27,155.2,1.85,12.94,8.02,-3.62,14.77,92,215,42.7906976744,19.31,38.059,1,1,0,1,0,1
I,hydrophobic,Neutral,9.76,2.32,3.36,5.96,131.2,2.79,9.59,6.19,-1.51,13.84,63.32,232.49,27.2355800249,10.44,34.094,1,1,0,1,0,1
K,hydrophilic,Positive,10.28,8.9,0,5.84,146.2,2.74,10.29,9.82,-3.21,15.37,89.34,247.69,36.0692801486,13.18,37.81,1,1,0,0,0,1
L,hydrophobic,Neutral,9.6,2.36,2.37,9.66,131.2,2.79,9.52,6.15,-1.59,13.84,63.32,232.95,27.1817986692,10.44,34.171,1,1,0,1,0,1
M,moderate,Neutral,9.21,2.28,5.14,2.42,149.2,2.53,9.5,6.02,-2.19,15.07,63.32,226.63,27.9398137934,12.66,37.586,1,1,0,1,0,1
N,hydrophilic,Neutral,8.8,2.02,2.4,4.06,132.1,2,8.43,5.22,-4.29,11.51,106.41,184.87,57.559366041,16.99,28.355,1,1,0,0,0,1
P,hydrophobic,Neutral,10.6,1.99,1.54,4.7,115.1,1.94,11.33,7.12,-2.57,11.29,49.33,180.22,27.3721007657,10.44,28.064,1,1,0,1,0,1
Q,hydrophilic,Neutral,9.13,2.17,2.6,3.93,146.2,2.15,9.31,5.73,-4,13.32,106.41,214.83,49.5321882419,16.99,33.11,1,1,0,0,0,1
R,hydrophilic,Positive,9.09,2.18,71.8,5.53,174.2,2.41,12.41,10.92,-3.16,16.9,125.22,263.42,47.5362538911,19.37,53.923,1,1,0,0,0,1
S,hydrophilic,Neutral,9.15,2.21,36.2,6.56,105.1,2.03,8.93,5.7,-3.89,9.06,83.55,151.58,55.119408893,14.62,22.041,1,1,0,1,0,1
T,hydrophilic,Neutral,9.12,2.15,100,5.34,119.1,2.21,9,5.6,-3.47,10.87,83.55,179.67,46.501920187,14.62,26.46,1,1,0,1,0,1
V,hydrophobic,Neutral,9.72,2.29,5.6,6.87,117.1,2.32,9.62,6.16,-1.95,12,63.32,202.25,31.3077873918,10.44,29.493,1,1,0,1,0,1
W,hydrophobic,Neutral,9.39,2.38,1.06,1.08,204.2,2.54,9.4,5.97,-1.09,23.09,79.11,286.29,27.632819868,24.44,56.203,1,1,0,1,1,1
Y,hydrophobic,Neutral,9.11,2.2,0.038,2.92,181.2,2,9.79,5.51,-1.49,18.51,83.55,257.73,32.4176463741,22.75,47.097,1,1,0,1,0,1
